Ängelholm,Höganäs,22,12.920,56.270,12.922,56.247,12.901,56.223,12.819,56.236,12.785,56.234,12.749,56.243,12.721,56.243,12.676,56.236,12.640,56.220
Ängelholm,Helsingborg,30,12.920,56.270,12.956,56.260,12.953,56.242,12.923,56.226,12.904,56.205,12.898,56.169,12.856,56.134,12.837,56.116,12.801,56.114,12.770,56.060
Ängelholm,Hässleholm,74,12.920,56.270,12.965,56.277,13.041,56.277,13.081,56.260,13.087,56.233,13.111,56.191,13.154,56.162,13.142,56.143,13.190,56.134,13.266,56.142,13.379,56.143,13.479,56.151,13.531,56.145,13.595,56.173,13.625,56.171,13.714,56.189,13.741,56.187,13.793,56.189,13.787,56.170
Höganäs,Ängelholm,22,12.640,56.220,12.682,56.233,12.719,56.244,12.755,56.244,12.789,56.237,12.822,56.235,12.895,56.224,12.920,56.247,12.920,56.270
Höganäs,Helsingborg,21,12.640,56.220,12.637,56.184,12.661,56.174,12.670,56.154,12.694,56.145,12.700,56.140,12.716,56.134,12.734,56.123,12.761,56.120,12.783,56.107,12.770,56.060
Hässleholm,Ängelholm,74,13.787,56.170,13.790,56.187,13.698,56.185,13.625,56.169,13.586,56.171,13.534,56.151,13.428,56.147,13.318,56.142,13.212,56.138,13.160,56.134,13.142,56.145,13.157,56.160,13.120,56.184,13.093,56.231,13.084,56.257,13.044,56.275,12.965,56.278,12.920,56.270
Hässleholm,Helsingborg,79,13.787,56.170,13.787,56.191,13.720,56.187,13.622,56.171,13.592,56.173,13.528,56.149,13.412,56.149,13.312,56.143,13.212,56.138,13.184,56.138,13.142,56.143,13.059,56.156,12.999,56.167,12.901,56.125,12.877,56.122,12.856,56.112,12.807,56.112,12.770,56.060
Hässleholm,Kristianstad,32,13.787,56.170,13.805,56.149,13.823,56.149,13.826,56.132,13.878,56.105,13.899,56.089,14.006,56.049,14.073,56.025,14.143,56.033
Hässleholm,Eslöv,56,13.787,56.170,13.808,56.145,13.802,56.129,13.765,56.092,13.698,56.041,13.631,55.997,13.568,55.959,13.558,55.941,13.540,55.954,13.516,55.945,13.461,55.957,13.443,55.957,13.425,55.952,13.409,55.954,13.394,55.943,13.376,55.926,13.339,55.912,13.327,55.886,13.315,55.877,13.313,55.843
Helsingborg,Ängelholm,30,12.770,56.060,12.804,56.112,12.834,56.112,12.892,56.164,12.901,56.207,12.923,56.227,12.956,56.246,12.956,56.277,12.920,56.270
Helsingborg,Höganäs,21,12.770,56.060,12.786,56.103,12.755,56.120,12.737,56.125,12.719,56.134,12.700,56.140,12.667,56.158,12.658,56.173,12.637,56.184,12.640,56.220
Helsingborg,Hässleholm,79,12.770,56.060,12.810,56.112,12.865,56.114,12.883,56.125,12.898,56.125,12.929,56.136,12.983,56.167,13.063,56.154,13.120,56.145,13.139,56.145,13.157,56.138,13.190,56.134,13.282,56.140,13.406,56.145,13.528,56.149,13.595,56.173,13.625,56.171,13.695,56.184,13.759,56.191,13.790,56.189,13.787,56.170
Helsingborg,Landskrona,28,12.770,56.060,12.786,56.045,12.831,56.043,12.825,56.019,12.828,56.003,12.850,55.976,12.859,55.954,12.892,55.935,12.883,55.913,12.873,55.897
Kristianstad,Hässleholm,32,14.143,56.033,14.127,56.018,14.091,56.021,14.033,56.038,13.927,56.078,13.857,56.120,13.820,56.143,13.787,56.170
Kristianstad,Lund,78,14.143,56.033,14.134,56.018,14.100,56.016,14.067,55.981,14.039,55.948,14.003,55.934,13.917,55.926,13.884,55.945,13.863,55.945,13.817,55.932,13.808,55.932,13.723,55.901,13.705,55.879,13.677,55.870,13.638,55.866,13.534,55.831,13.464,55.808,13.449,55.797,13.385,55.784,13.321,55.778,13.306,55.777,13.239,55.740,13.203,55.715
Kristianstad,Åhus,19,14.143,56.033,14.158,56.019,14.188,56.023,14.237,56.003,14.249,55.963,14.264,55.923,14.283,55.917
Åhus,Kristianstad,19,14.283,55.917,14.258,55.926,14.249,55.957,14.237,56.005,14.182,56.025,14.149,56.019,14.143,56.033
Åhus,Simrishamn,55,14.283,55.917,14.258,55.924,14.234,55.908,14.228,55.890,14.197,55.875,14.170,55.842,14.164,55.813,14.118,55.800,14.109,55.778,14.106,55.746,14.082,55.729,14.067,55.718,14.130,55.704,14.191,55.671,14.182,55.642,14.197,55.627,14.243,55.601,14.252,55.585,14.277,55.576,14.280,55.556,14.308,55.540
Landskrona,Helsingborg,28,12.873,55.897,12.895,55.923,12.892,55.937,12.862,55.952,12.843,55.985,12.822,56.012,12.828,56.039,12.783,56.047,12.770,56.060
Landskrona,Eslöv,32,12.873,55.897,12.898,55.892,12.938,55.901,12.968,55.910,13.029,55.901,13.096,55.893,13.187,55.873,13.209,55.864,13.260,55.872,13.309,55.864,13.313,55.843
Landskrona,Lund,34,12.873,55.897,12.910,55.892,12.926,55.873,12.959,55.848,12.986,55.817,12.999,55.786,13.026,55.764,13.096,55.740,13.151,55.726,13.203,55.715
Landskrona,Malmö,44,12.873,55.897,12.910,55.892,12.926,55.873,12.959,55.848,12.986,55.817,12.999,55.786,13.026,55.764,13.096,55.740,13.151,55.726,13.108,55.711,13.105,55.663,13.111,55.652,13.063,55.632,13.000,55.600
Eslöv,Hässleholm,56,13.313,55.843,13.321,55.879,13.336,55.908,13.379,55.924,13.400,55.945,13.412,55.952,13.434,55.952,13.443,55.957,13.467,55.957,13.513,55.945,13.546,55.954,13.558,55.943,13.565,55.959,13.613,55.990,13.674,56.021,13.732,56.067,13.738,56.083,13.799,56.127,13.802,56.147,13.787,56.170
Eslöv,Landskrona,32,13.313,55.843,13.318,55.862,13.297,55.862,13.251,55.873,13.206,55.868,13.142,55.886,13.069,55.893,12.999,55.908,12.956,55.904,12.916,55.897,12.873,55.897
Eslöv,Lund,21,13.313,55.843,13.339,55.850,13.342,55.820,13.330,55.802,13.324,55.780,13.306,55.775,13.245,55.740,13.230,55.729,13.203,55.715
Lund,Kristianstad,78,13.203,55.715,13.227,55.727,13.239,55.740,13.324,55.780,13.409,55.789,13.446,55.799,13.455,55.809,13.516,55.833,13.616,55.857,13.641,55.868,13.686,55.868,13.705,55.877,13.714,55.901,13.805,55.934,13.820,55.935,13.857,55.946,13.884,55.946,13.908,55.932,14.006,55.932,14.036,55.948,14.067,55.979,14.097,56.019,14.143,56.016,14.143,56.033
Lund,Landskrona,34,13.203,55.715,13.157,55.729,13.093,55.740,13.023,55.766,12.989,55.795,12.983,55.819,12.950,55.851,12.910,55.886,12.913,55.893,12.873,55.897
Lund,Eslöv,21,13.203,55.715,13.233,55.729,13.236,55.740,13.306,55.778,13.330,55.780,13.330,55.804,13.345,55.817,13.336,55.848,13.313,55.843
Lund,Simrishamn,83,13.203,55.715,13.227,55.707,13.285,55.689,13.330,55.671,13.342,55.660,13.382,55.654,13.415,55.658,13.434,55.654,13.498,55.642,13.662,55.634,13.671,55.623,13.689,55.620,13.711,55.618,13.747,55.609,13.768,55.596,13.790,55.590,13.811,55.576,13.835,55.570,13.863,55.554,13.884,55.550,13.911,55.543,13.997,55.536,14.064,55.550,14.115,55.547,14.179,55.527,14.231,55.527,14.308,55.540
Lund,Malmö,20,13.203,55.715,13.187,55.698,13.187,55.684,13.117,55.654,13.063,55.636,13.000,55.600
Malmö,Lund,20,13.000,55.600,13.063,55.636,13.160,55.671,13.193,55.691,13.202,55.704,13.203,55.715
Malmö,Landskrona,44,13.000,55.600,13.069,55.631,13.114,55.649,13.105,55.724,13.093,55.746,13.020,55.771,12.989,55.793,12.980,55.820,12.959,55.840,12.956,55.851,12.913,55.882,12.907,55.895,12.873,55.897
Malmö,Skanör-Falsterbo,31,13.000,55.600,13.008,55.576,13.014,55.527,13.029,55.501,13.005,55.479,13.014,55.466,12.926,55.419,12.883,55.419,12.850,55.417
Malmö,Ystad,60,13.000,55.600,13.050,55.579,13.142,55.556,13.178,55.539,13.202,55.534,13.266,55.519,13.306,55.514,13.358,55.503,13.455,55.494,13.488,55.494,13.631,55.474,13.662,55.470,13.756,55.435,13.797,55.422
Malmö,Trelleborg,33,13.000,55.600,13.008,55.576,13.014,55.516,13.029,55.494,13.008,55.477,13.059,55.428,13.063,55.406,13.078,55.388,13.167,55.377
Simrishamn,Åhus,55,14.308,55.540,14.283,55.558,14.283,55.567,14.280,55.576,14.252,55.579,14.243,55.603,14.182,55.640,14.191,55.673,14.106,55.709,14.070,55.720,14.094,55.736,14.103,55.747,14.115,55.802,14.161,55.813,14.197,55.879,14.225,55.895,14.258,55.923,14.283,55.917
Simrishamn,Lund,83,14.308,55.540,14.222,55.523,14.185,55.527,14.124,55.545,14.051,55.550,14.000,55.536,13.921,55.541,13.887,55.552,13.854,55.558,13.838,55.569,13.765,55.594,13.744,55.611,13.701,55.620,13.686,55.620,13.662,55.632,13.525,55.643,13.455,55.651,13.406,55.662,13.370,55.651,13.345,55.662,13.324,55.671,13.227,55.707,13.203,55.715
Simrishamn,Ystad,39,14.308,55.540,14.234,55.527,14.210,55.517,14.167,55.510,14.097,55.488,14.064,55.481,13.978,55.452,13.969,55.433,13.924,55.421,13.841,55.430,13.797,55.422
Ystad,Trelleborg,47,13.797,55.422,13.759,55.430,13.732,55.423,13.686,55.424,13.659,55.413,13.604,55.417,13.574,55.395,13.531,55.384,13.476,55.386,13.422,55.366,13.349,55.342,13.324,55.342,13.260,55.351,13.167,55.377
Ystad,Malmö,60,13.797,55.422,13.759,55.433,13.735,55.441,13.662,55.470,13.592,55.477,13.488,55.496,13.443,55.494,13.358,55.505,13.297,55.517,13.245,55.521,13.178,55.543,13.084,55.574,13.050,55.581,13.000,55.600
Ystad,Simrishamn,39,13.797,55.422,13.838,55.426,13.884,55.430,13.927,55.421,13.957,55.432,13.972,55.435,13.978,55.446,14.015,55.465,14.057,55.474,14.070,55.486,14.112,55.490,14.197,55.514,14.255,55.530,14.308,55.540
Skanör-Falsterbo,Malmö,31,12.850,55.417,12.883,55.417,12.929,55.417,13.014,55.468,13.005,55.479,13.020,55.501,13.011,55.525,13.005,55.576,13.000,55.600
Skanör-Falsterbo,Trelleborg,24,12.850,55.417,12.883,55.417,12.926,55.419,13.014,55.465,13.056,55.435,13.075,55.388,13.167,55.377
Trelleborg,Malmö,33,13.167,55.377,13.081,55.386,13.053,55.419,13.053,55.432,13.005,55.475,13.026,55.501,13.005,55.574,13.000,55.600
Trelleborg,Skanör-Falsterbo,24,13.167,55.377,13.075,55.390,13.056,55.417,13.056,55.430,13.017,55.466,12.977,55.439,12.932,55.417,12.880,55.419,12.850,55.417
Trelleborg,Ystad,47,13.167,55.377,13.215,55.370,13.251,55.353,13.324,55.340,13.352,55.344,13.470,55.382,13.510,55.386,13.531,55.384,13.574,55.395,13.601,55.417,13.656,55.417,13.680,55.424,13.729,55.424,13.771,55.433,13.797,55.422